182,122,193
77,105,33
179,94,209
143,253,138
193,148,50
222,226,116
50,97,173
222,226,114
182,254,140
143,106,139
50,122,193
182,148,193
193,148,138
179,97,207
75,106,193
193,105,50
50,226,173
182,124,193
143,148,138
51,105,32
224,106,114
75,105,50
182,148,193
144,148,50
50,254,140
50,106,139
50,124,193
182,254,140
193,122,50
143,94,138
50,94,211
193,228,116
193,226,172
50,97,172
143,105,139
222,226,193
182,251,138
50,226,173
179,97,50
222,226,193
181,149,49
179,96,116
223,226,116
182,254,193
179,254,209
49,120,209
193,148,209
179,122,207
222,226,173
182,148,193
194,121,50
182,122,193
50,148,192
221,226,114
222,226,116
222,226,50
223,225,137
50,226,116
193,148,50
178,124,209
50,122,193
182,120,193
50,226,193
182,148,138
50,106,138
50,227,209
193,148,140
182,148,193
77,123,33
50,104,173
50,149,193
50,97,173
179,253,209
50,150,193
195,226,173
143,108,139
193,148,138
179,97,207
222,226,114
50,148,173
182,107,193
143,253,138
77,105,33
182,254,193
143,148,138
193,94,50
182,97,193
179,94,211
77,227,173
179,105,50
48,106,193
193,148,140
182,226,140
193,106,193
77,105,50
75,106,193
191,148,50
193,148,138
182,106,193
193,105,50
181,226,193
182,254,193
51,97,173
141,122,138
193,148,50
193,122,192
142,106,140
77,122,31
77,105,140
182,254,139
193,148,50
50,97,173
222,94,116
182,97,195
143,105,193
191,148,208
52,97,193
222,226,195
182,105,50
50,98,140
193,105,50
143,253,193
179,96,209
50,97,193
221,227,193
222,226,114
222,226,50
143,253,193
223,226,114
75,106,33
193,122,195
182,150,50
77,105,33
222,226,116
77,106,193
179,120,207
222,226,50
49,120,50
221,225,195
184,254,50
222,105,33
222,95,116
182,148,193
75,105,173
77,123,33
182,148,138
50,226,192
182,148,173
76,124,33
182,226,140
193,226,172
50,106,50
181,122,50
222,227,116
143,105,193
222,226,114
193,148,140
77,105,50
50,99,173
179,105,211
191,255,50
179,148,193
224,96,209
222,94,50
50,97,172
193,104,193
222,227,50
182,106,193
50,226,138
51,96,209
193,106,139
182,226,193
50,227,140
221,226,171
179,149,193
50,105,193
179,95,207
50,226,193
177,96,50
50,106,193
50,97,172
194,124,209
181,226,138
179,226,50
182,106,193
77,146,50
193,148,33
179,106,194
223,105,32
177,96,139
222,148,116
182,253,193
193,148,140
179,105,50
50,94,141
191,146,49
194,94,50
182,254,193
182,122,193
51,106,193
222,97,173
182,227,193
182,148,138
51,94,173
178,124,195
194,97,50
221,228,50
51,103,33
220,225,138
182,148,138
221,254,140
182,105,140
145,148,138
182,254,138
50,121,172
193,148,173
222,227,137
48,108,193
194,122,140
77,122,31
222,226,209
182,122,140
79,253,193
182,148,173
75,122,193
50,151,173
222,225,50
144,148,50
193,122,195
182,107,195
193,97,194
75,106,193
191,108,139
75,122,31
222,227,49
75,106,193
222,226,195
180,122,50
194,227,116
222,226,207
143,108,50
143,106,116
50,94,209
50,124,193
77,107,50
143,97,173
182,148,139
179,98,50
194,229,209
50,148,192
191,148,48
193,122,139
182,97,50
189,148,49
182,96,194
49,96,209
50,122,193
180,97,116
193,95,138
143,253,193
51,122,193
179,106,140
179,148,209
49,226,193
193,97,195
77,146,193
182,148,193
141,148,140
143,94,138
76,105,31
193,148,138
141,225,137
51,253,173
50,99,173
50,97,137
179,120,207
50,148,50
143,255,140
190,148,51
50,252,209
77,106,193
182,254,193
221,253,191
193,148,193
141,254,193
182,256,193
192,150,138
77,106,193
223,225,137
77,105,140
193,254,140
48,225,116
179,147,50
79,123,140
51,122,32
182,254,209
74,106,192
77,122,193
75,97,194
221,254,193
75,121,33
182,99,195
193,228,193
222,226,195
222,228,50
50,94,193
50,227,173
179,97,207
193,122,196
182,120,193
223,97,174
77,105,140
50,254,140
182,148,50
182,226,117
77,94,210
193,122,195
50,104,138
193,122,140
182,226,193
182,146,193
76,106,141
221,226,114
50,254,209
193,105,50
50,105,173
141,122,141
193,105,194
181,226,140
222,149,193
182,122,207
51,97,193
193,148,136
144,228,138
222,106,116
193,122,193
193,105,174
77,104,50
184,107,33
77,106,172
193,148,193
77,226,50
179,99,33
182,226,140
50,121,193
191,148,138
50,148,50
182,148,115
193,94,50
50,122,195
50,226,33
179,148,209
182,148,139
223,124,116
193,150,52
50,123,193
194,226,50
222,226,114
193,148,138
50,97,173
180,226,138
224,122,193
193,94,139
75,107,174
180,226,209
182,226,112
182,148,114
191,227,209
191,227,211
179,96,193
179,105,52
193,148,138
52,254,192
222,147,173
76,108,33
221,226,193
77,108,193
77,94,209
193,120,50
182,228,195
182,97,193
75,105,50
181,149,49
143,253,138
50,148,192
179,106,207
182,254,193
50,122,193
193,148,138
222,107,193
193,226,209
222,148,118
52,253,193
179,254,209
77,94,209
143,226,193
182,122,193
192,94,207
182,107,193
181,148,191
182,99,193
179,148,207
50,148,195
182,148,193
182,148,193
177,253,193
222,94,116
183,105,50
75,105,140
193,94,209
193,226,172
224,106,114
193,226,50
49,106,172
222,226,173
49,226,116
193,148,193
180,255,50
50,106,138
50,148,192
75,124,209
75,106,193
52,148,192
193,148,193
77,227,49
143,97,195
77,107,208
193,226,140
182,148,195
193,226,140
180,148,140
191,227,173
222,226,114
224,105,50
182,148,138
50,148,192
50,95,50
143,105,50
50,226,140
77,96,193
179,253,209
179,122,50
223,97,207
49,120,207
73,106,193
181,96,209
50,227,209
193,105,173
77,105,33
142,107,140
182,148,50
179,148,140
181,149,117
179,124,209
178,103,51
192,226,173
222,255,138
50,97,173
76,122,33
182,99,173
224,107,193
222,149,193
143,108,50
221,105,114
181,147,49
221,227,193
182,150,114
77,106,193
222,107,114
143,122,193
222,124,192
179,94,211
50,97,140
50,254,209
191,225,140
50,105,211
223,148,193
143,120,207
222,105,195
50,106,140
194,106,50
182,254,141
179,96,207
182,120,193
221,227,193
181,95,193
52,120,209
75,120,208
222,225,192
191,148,50
193,226,50
222,226,50
182,105,49
75,228,193
76,124,33
222,226,172
143,148,50
52,97,207
50,150,50
50,97,173
142,124,138
182,226,118
193,256,209
48,124,172
49,148,140
222,106,193
179,96,209
193,226,193
182,98,193
192,106,114
222,122,192
75,105,173
48,227,193
179,150,207
181,122,193
179,226,210
179,254,209
50,228,209
179,94,207
143,97,172
50,105,172
77,254,33
222,226,193
222,226,116
182,254,50
77,94,33
222,226,116
222,228,50
222,226,50
52,96,193
222,226,174
222,228,33
181,148,193
178,105,50
182,148,193
50,124,193
179,106,193
142,106,51
51,146,191
182,124,33
50,124,116
144,226,140
183,107,193
143,148,50
50,106,193
223,107,114
77,228,211
48,96,207
193,104,31
191,106,193
193,148,138
51,97,173
143,253,193
48,106,193
50,95,193
144,119,206
182,225,140
179,96,209
181,108,139
52,226,172
179,97,193
222,226,50
193,148,50
193,148,173
194,226,116
183,120,191
221,148,193
77,124,31
52,97,171
193,148,50
49,106,209
184,226,116
48,228,209
144,98,207
49,226,173
181,226,114
222,226,116
183,106,193
52,100,140
182,146,136
79,121,50
77,105,140
222,226,50
142,254,139
51,105,32
223,106,193
193,227,173
223,226,116
50,106,138
50,122,173
182,148,139
75,105,34
195,105,138
193,253,138
50,150,191
222,96,193
224,225,173
143,253,137
52,97,137
222,104,50
48,98,114
192,105,50
179,255,211
193,147,50
145,94,138
181,94,49
222,102,173
195,226,137
191,148,193
181,106,211
193,120,50
182,124,193
179,104,50
179,96,116
50,226,193
50,146,50
195,94,173
75,253,136
193,120,50
77,227,193
193,146,138
193,105,191
182,106,50
77,227,173
182,105,33
182,226,193
191,254,140
223,226,116
144,94,48
182,254,116
193,148,140
193,105,32
182,254,139
141,97,138
182,122,192
223,224,33
143,106,195
143,108,50
182,146,193
178,97,207
143,105,50
182,97,195
142,106,140
77,105,33
179,104,50
182,124,193
176,226,172
193,98,139
51,106,139
77,226,116
222,94,116
180,120,207
179,94,50
77,148,138
193,148,116
143,108,209
193,225,114
179,148,193
77,96,34
222,226,138
194,120,52
143,253,137
222,228,195
50,97,50
191,148,52
52,97,191
50,97,170
77,105,32
222,94,116
143,122,136
191,148,35
50,148,173
182,254,193
178,124,138
182,106,33
77,97,33
50,105,138
143,254,138
50,96,193
50,106,139
193,148,193
182,97,193
195,226,173
182,152,209
224,97,112
193,122,193
178,124,209
50,126,193
193,148,140
181,94,211
143,148,194
191,148,138
222,148,138
77,122,50
195,226,33
48,122,139
193,122,140
50,226,193
50,122,193
50,150,193
77,105,50
182,149,193
223,105,50
77,122,193
223,94,116
141,122,195
181,253,195
141,104,139
221,229,116
179,226,209
50,225,172
193,106,50
182,254,193
182,226,140
49,226,207
195,226,173
52,148,193
195,225,192
223,122,137
193,106,49
142,254,193
193,148,50
77,227,173
182,254,195
179,106,50
50,151,193
179,226,208
183,226,193
181,105,211
182,148,193
193,148,138
179,106,209
191,103,208
182,97,192
192,104,136
222,106,33
50,225,173
50,149,193
193,148,138
221,227,193
143,253,173
180,226,193
50,226,211
182,254,114
50,122,193
50,97,172
222,226,173
193,224,171
194,148,140
179,94,140
178,94,193
182,254,50
177,94,207
50,226,50
182,148,193
222,226,207
143,226,138
182,148,33
50,123,50
74,96,33
182,149,193
143,105,191
222,97,193
182,99,193
77,105,33
222,226,138
143,106,138
184,251,33
192,148,51
182,150,208
193,122,211
74,105,33
182,227,209
182,226,114
51,98,173
191,148,193
179,97,50
193,149,137
79,105,191
182,122,31
193,148,50
178,120,207
222,226,193
182,148,193
75,254,50
191,226,50
141,95,138
182,105,52
182,148,193
50,227,139
179,97,173
50,94,211
182,106,193
75,227,195
222,99,193
182,148,138
221,226,193
144,106,138
182,254,195
182,226,191
77,226,50
179,105,50
141,253,138
193,148,50
143,97,139
181,255,138
50,254,193
195,124,209
193,122,209
223,105,116
221,227,193
222,97,116
180,228,140
50,151,193
182,148,194
222,225,174
222,226,211
48,105,209
50,227,173
75,105,209
50,226,193
143,226,141
50,94,210
222,226,50
222,227,114
193,148,50
191,99,172
182,254,193
179,254,193
195,97,207
193,148,138
177,97,193
183,148,193
182,104,173
182,148,51
193,148,140
194,105,207
193,148,193
50,105,138
143,105,138
223,226,50
193,148,206
143,108,113
50,226,140
182,97,139
222,121,48
223,225,116
222,228,140
193,97,138
221,226,116
142,97,173
182,106,140
223,224,173
50,94,139
193,122,138
180,255,48
183,151,173
182,251,136
193,149,50
222,94,116
182,106,193
183,108,116
179,97,50
183,252,141
50,226,115
222,225,50
75,104,172
79,122,32
143,105,138
222,226,173
180,254,138
194,148,193
180,123,116
77,123,33
220,226,114
221,148,114
193,148,192
179,122,194
143,148,139
184,227,175
222,226,50
77,96,140
50,148,193
193,149,193
143,254,193
193,148,138
182,148,193
50,104,173
193,148,138
51,97,193
179,224,114
50,226,173
52,124,173
50,150,195
222,226,114
222,105,50
179,96,116
222,106,114
179,96,116
50,148,50
143,123,193
51,97,117
77,105,142
182,146,139
50,98,140
143,254,137
179,105,50
182,148,140
141,122,138
193,122,138
193,251,51
179,96,209
181,146,138
182,105,50
179,105,207
195,148,137
50,97,193
223,226,49
143,148,50
191,225,114
179,226,193
222,93,116
75,148,50
75,122,193
143,253,138
184,120,193
193,120,193
179,254,50
220,226,116
50,151,173
182,254,193
182,106,193
182,146,195
50,105,139
182,94,193
50,104,173
50,97,171
75,105,50
193,228,209
182,254,141
179,94,211
182,99,209
143,122,138
182,106,48
182,106,191
222,97,195
50,97,193
181,97,50
50,98,116
179,96,209
222,226,116
49,105,193
224,106,114
77,123,173
143,226,193
193,253,209
50,94,173
222,226,116
75,105,50
182,124,192
221,226,116
143,150,138
75,148,50
182,252,140
145,108,209
182,254,114
191,148,138
179,226,209
143,94,138
143,105,140
50,105,139
143,224,137
143,226,193
182,226,193
183,226,140
180,226,139
77,122,31
52,124,193
223,226,115
195,148,52
75,254,193
182,148,116
182,120,172
143,253,138
143,226,138
195,150,193
182,107,138
143,105,138
142,94,138
193,148,140
221,98,192
142,106,138
143,253,173
50,124,195
222,254,209
193,148,138
193,148,50
178,122,207
182,148,194
193,253,172
193,106,33
181,97,193
179,106,211
77,124,191
77,149,140
145,108,192
181,148,193
222,226,193
223,224,114
178,107,193
179,254,50
193,148,138
182,97,209
179,105,139
75,96,209
181,103,192
50,253,193
143,105,193
178,106,140
75,150,192
182,104,140
177,226,116
193,148,50
182,121,139
193,106,192
48,150,193
182,107,193
184,120,207
50,226,114
182,97,192
182,256,193
50,228,173
77,105,33
193,106,193
182,97,173
193,148,114
51,97,172
79,105,138
193,226,138
50,122,193
193,148,48
193,148,50
179,97,209
182,122,140
49,148,192
222,226,114
179,254,140
224,226,114
50,104,193
222,226,193
143,252,50
193,228,116
193,122,138
182,148,173
180,122,207
193,148,138
191,148,49
143,253,138
50,105,51
50,96,173
179,120,142
77,105,33
143,252,141
193,122,192
184,254,193
220,228,116
77,107,140
223,148,137
50,95,193
182,148,138
181,226,139
222,94,116
222,149,114
50,148,192
50,103,50
51,120,209
222,94,138
182,120,209
143,150,193
49,97,172
182,252,193
193,148,192
50,124,193
181,148,138
193,226,173
182,227,138
195,105,49
224,226,211
222,226,193
179,108,209
182,226,50
77,149,33
193,148,209
50,225,213
144,122,194
222,148,140
178,226,116
183,120,207
77,105,33
177,96,116
50,148,173
223,226,115
50,120,193
182,107,193
182,149,193
50,148,138
179,105,50
181,122,193
222,97,193
50,105,193
75,106,139
193,122,52
221,227,193
143,94,209
179,254,208
179,103,211
180,122,193
182,97,193
50,226,211
50,150,193
143,254,140
179,97,207
143,97,173
77,105,33
182,254,139
50,121,193
52,254,209
223,122,194
50,227,172
182,148,138
181,254,49
182,224,193
222,94,116
48,227,140
50,105,193
224,106,114
179,106,207
143,97,193
221,226,138
50,96,172
179,254,207
222,226,173
181,148,193
221,227,193
75,106,193
193,124,192
178,254,173
143,148,50
221,94,140
178,123,194
76,106,33
223,124,193
183,253,207
193,122,50
75,254,33
177,226,114
182,226,140
182,97,191
222,226,114
143,148,113
179,94,138
193,148,50
75,94,138
179,148,209
182,251,211
225,149,194
179,95,207
143,253,137
51,148,138
179,99,209
224,148,112
222,227,116
222,97,193
179,96,173
181,97,114
182,146,193
182,122,193
193,226,116
222,94,116
222,149,49
183,120,193
220,226,173
51,105,193
182,123,33
182,97,193
193,148,138
50,149,195
182,105,50
50,148,192
178,105,209
75,106,193
223,105,33
193,105,50
193,148,140
193,148,50
222,148,191
195,148,139
192,150,173
50,106,193
193,148,209
50,150,50
48,106,138
141,121,193
182,148,209
48,107,193
143,252,193
178,226,209
179,226,172
181,226,171
222,226,209
193,96,209
182,254,193
222,226,173
180,226,137
182,254,138
143,122,195
179,251,138
144,122,50
50,149,50
195,122,50
193,256,50
179,226,116
182,148,138
50,226,192
182,94,114
221,226,114
182,256,140
75,106,193
50,227,193
193,226,116
222,226,140
182,254,113
48,97,173
193,108,139
74,254,140
182,226,195
50,148,50
142,148,140
182,148,140
143,105,139
179,149,47
179,108,50
193,105,50
223,122,50
50,97,140
193,148,114
222,226,209
193,225,50
143,226,138
223,148,138
182,97,193
224,97,114
77,107,193
75,226,33
195,226,33
182,124,195
50,124,193
51,226,32
223,224,114
50,105,50
50,225,193
50,95,174
181,97,193
222,226,50
193,148,209
181,122,49
50,226,33
49,97,173
182,121,172
191,254,193
220,94,211
50,97,193
179,227,207
181,254,193
143,105,137
221,226,173
77,148,208
224,106,50
192,105,193
183,106,192
182,150,50
50,228,173
193,106,114
193,148,33
143,97,194
50,253,195
50,227,209
222,226,139
75,105,49
50,106,114
50,226,140
193,148,50
50,122,194
50,254,140
181,254,35
191,148,138
221,226,113
182,148,31
182,149,195
222,226,115
49,106,139
50,225,211
222,149,193
48,106,192
182,226,192
51,105,51
50,226,173
222,226,113
50,227,193
77,227,49
223,226,50
221,226,33
75,105,138
222,226,138
178,97,50
143,148,138
179,94,209
77,106,33
182,106,33
50,226,50
50,124,139
224,121,52
52,147,193
182,225,114
75,105,116
193,122,49
182,225,195
179,148,50
50,149,193
51,105,32
182,106,192
77,96,116
194,107,191
142,146,50
182,119,209
77,150,33
222,225,140
77,97,207
182,98,193
50,148,138
193,226,116
77,105,140
78,150,33
181,149,49
223,225,116
191,148,49
143,226,51
182,106,193
177,96,209
193,148,139
143,103,193
222,253,138
222,226,173
141,124,195
180,228,114
222,226,209
49,94,209
141,122,138
222,226,50
182,120,139
77,147,50
50,97,50
179,94,211
193,148,136
222,120,209
182,106,193
143,148,138
182,121,193
179,254,50
182,254,139
182,124,193
182,254,140
222,94,114
50,122,195
194,122,50
222,105,116
76,122,211
75,106,50
182,254,193
79,105,33
50,106,139
143,122,136
195,226,116
193,228,50
193,148,195
182,148,173
50,97,140
50,94,140
182,122,193
180,148,138
52,226,172
77,104,33
193,104,52
222,255,141
77,122,116
49,97,197
75,106,33
143,124,209
182,253,209
145,94,193
193,105,50
77,254,140
193,226,209
222,226,207
142,148,207
50,227,138
193,148,138
179,256,208
193,105,50
178,124,209
77,148,138
143,106,193
51,148,32
182,124,193
50,148,193
222,122,193
51,97,209
50,105,116
140,122,50
179,97,172
182,97,195
139,122,138
47,106,139
182,103,193
50,106,139
193,107,211
50,97,172
222,226,50
182,253,194
223,226,116
226,105,114
52,226,140
50,148,136
182,254,194
50,150,193
182,103,50
191,94,50
193,122,193
223,97,116
50,106,194
77,106,172
191,104,33
182,148,192
50,98,137
220,226,173
222,226,50
223,226,116
50,97,173
50,226,173
179,122,207
221,226,116
182,254,193
77,105,33
223,104,193
183,227,48
222,105,116
193,148,50
223,225,193
222,94,173
48,148,192
224,226,50
50,97,195
142,106,140
49,97,174
179,122,50
223,106,193
182,251,138
195,148,193
222,148,193
193,105,33
50,120,193
222,226,193
179,97,207
182,105,139
182,254,193
50,253,209
181,97,172
50,254,194
49,148,50
193,148,50
193,148,193
223,225,137
179,105,206
222,226,114
193,97,138
193,226,116
145,122,195
193,148,49
142,124,33
181,226,193
193,122,138
182,253,138
182,253,193
182,95,174
143,226,138
51,97,173
180,97,116
143,105,50
50,104,193
77,226,31
179,94,116
223,148,114
193,97,193
51,105,33
51,106,32
48,226,140
222,226,138
143,148,136
48,122,193
193,106,193
141,224,138
182,122,192
193,148,173
191,149,51
222,226,49
143,254,139
78,149,33
144,148,138
50,122,138
143,105,193
144,106,193
222,226,117
77,105,193
51,225,193
179,106,209
179,106,140
181,226,51
179,122,207
179,120,207
182,254,193
143,106,193
178,254,209
193,147,50
223,226,114
222,105,50
75,105,193
182,97,50
143,253,195
77,94,173
182,226,193
193,105,140
182,106,193
193,227,140
76,106,193
50,254,140
75,148,193
76,226,193
143,105,192
184,124,193
182,122,208
223,122,114
50,106,193
143,106,193
224,106,193
193,105,50
78,105,140
179,226,50
222,108,193
222,226,193
143,148,50
220,226,114
182,98,195
222,147,50
77,227,173
179,226,114
51,107,50
77,227,173
222,226,197
50,148,172
193,97,172
182,105,50
193,105,33
49,105,138
51,122,30
222,105,50
182,254,193
51,105,50
75,106,193
178,148,207
179,105,50
184,148,193
222,225,137
179,97,193
49,120,209
182,122,193
50,226,173
143,148,138
182,120,193
193,148,138
179,122,193
182,150,33
50,124,141
182,229,191
143,148,193
224,254,140
183,122,207
182,105,173
196,121,138
224,253,114
179,254,209
193,148,140
182,94,211
142,148,139
222,228,116
48,148,195
222,226,193
50,122,50
182,124,116
193,148,138
223,226,173
182,105,50
141,122,138
192,254,139
49,226,116
193,106,193
182,93,193
50,224,171
222,226,139
181,227,193
182,105,34
194,105,51
179,254,140
224,106,138
224,226,211
145,105,193
179,226,50
195,226,173
222,226,195
193,106,193
52,99,50
77,148,195
73,122,193
222,226,116
182,97,195
77,253,31
221,226,114
143,253,194
77,105,33
77,126,193
222,226,50
77,227,140
222,226,50
223,226,140
51,120,140
191,94,140
50,148,193
75,106,33
144,148,50
182,147,193
182,252,193
143,250,139
224,106,114
179,148,209
50,226,116
193,150,209
182,122,138
52,150,139
182,226,138
143,106,139
180,94,172
223,225,116
222,97,114
50,126,193
50,254,171
48,148,209
77,107,33
193,148,195
191,106,193
181,227,193
146,148,140
180,96,209
193,226,138
50,105,174
177,104,193
179,148,116
77,105,173
221,226,193
182,149,192
179,254,31
144,148,50
195,120,208
49,95,33
193,124,192
143,253,138
182,255,50
143,105,138
182,254,139
52,97,33
184,254,140
49,251,211
179,121,52
143,226,175
182,146,193
222,226,50
222,226,50
49,98,193
222,253,193
193,253,138
50,122,51
181,254,50
193,148,50
182,149,114
48,226,211
54,97,118
52,105,32
182,97,195
181,150,138
143,253,193
195,105,173
50,253,138
182,105,193
77,105,33
52,97,173
182,98,195
50,148,140
48,254,140
193,107,48
77,97,193
50,228,116
222,226,193
48,106,191
79,148,193
193,226,116
193,97,195
179,252,207
179,94,50
194,148,50
182,148,138
73,106,193
222,148,116
180,226,114
182,104,173
182,150,50
179,94,209
193,226,138
221,122,195
50,225,192
180,97,207
182,106,139
50,148,192
193,106,193
50,226,140
50,106,193
182,148,209
142,97,193
51,105,136
143,226,139
50,149,193
75,105,50
182,106,193
77,98,140
193,226,48
222,226,116
193,148,50
50,97,207
223,225,193
182,105,51
182,226,139
193,226,193
223,227,193
143,254,138
50,97,50
222,96,116
182,97,195
181,107,193
181,105,193
179,253,193
182,147,195
143,148,138
221,227,140
182,227,172
180,120,193
47,148,50
195,124,193
222,226,193
143,253,195
50,148,173
193,122,192
192,224,172
50,148,175
74,105,138
48,106,193
50,226,33
51,148,208
50,226,175
143,105,31
182,120,50
223,226,193
50,124,193
50,226,193
195,94,50
222,226,116
143,107,137
177,122,207
50,226,195
222,226,50
49,226,193
193,123,33
182,226,172
182,254,191
193,148,192
181,228,49
182,228,193
77,256,139
179,225,173
182,148,114
145,148,52
222,94,116
50,227,116
221,228,116
51,107,210
194,121,172
180,120,195
193,228,209
50,96,173
78,105,173
193,148,140
182,226,116
143,148,52
179,106,50
77,225,193
193,148,114
222,149,192
50,98,50
179,121,140
222,148,193
182,226,173
144,94,138
50,226,193
77,98,195
50,106,116
180,256,116
50,227,209
50,120,173
143,252,50
193,146,209
73,106,33
181,97,50
50,253,192
223,227,192
177,97,207
77,229,195
194,105,50
222,226,193
50,97,209
50,254,141
142,106,193
179,97,207
183,94,138
193,148,209
50,226,209
193,150,209
225,97,114
50,147,193
183,122,193
180,256,208
195,224,173
181,148,50
182,226,114
141,97,136
182,120,193
50,148,175
193,120,50
179,97,209
50,97,172
178,124,209
193,106,174
77,97,173
177,105,34
143,120,139
222,104,116
77,148,209
223,227,116
50,146,138
184,251,138
182,224,193
79,97,207
179,225,173
222,227,173
143,107,195
194,104,50
182,120,193
48,120,141
222,97,173
50,97,173
182,149,195
191,252,140
191,226,174
223,148,116
184,105,138
182,254,193
193,105,193
182,148,140
144,124,50
182,254,140
191,148,50
181,94,116
180,106,50
182,148,139
143,105,50
50,108,173
76,225,193
193,148,137
144,150,50
48,122,173
184,148,193
48,107,193
193,150,50
182,253,50
220,226,114
141,147,50
193,94,138
182,99,193
192,97,51
179,97,207
193,146,116
193,94,209
222,226,50
223,224,140
143,95,140
143,149,138
182,94,50
50,253,208
181,150,138
76,105,193
182,150,193
195,94,48
52,106,50
181,147,49
77,122,32
182,105,33
182,253,138
77,123,140
182,107,114
194,148,193
144,148,50
50,254,140
50,106,193
193,122,50
77,226,33
220,105,50
193,226,116
143,106,172
184,125,193
179,107,141
76,105,33
182,256,34
193,122,136
223,105,116
143,106,172
221,96,193
222,226,116
222,226,116
222,253,50
142,105,193
181,124,193
182,254,140
48,148,192
221,226,172
50,106,192
191,121,193
145,254,138
50,122,116
182,105,50
193,148,195
179,105,50
179,96,211
193,253,193
182,122,50
182,148,51
221,105,116
177,105,33
143,148,50
143,148,193
222,147,116
183,122,33
50,105,174
180,105,209
181,122,193
48,122,50
193,106,50
50,97,173
181,226,50
193,254,52
50,104,173
77,105,33
179,94,50
191,148,140
181,251,136
191,94,116
179,97,193
143,253,50
224,108,114
77,94,193
50,226,173
222,122,193
193,99,50
222,254,116
50,124,192
49,228,193
182,124,50
193,148,194
182,254,193
221,253,191
193,104,48
193,122,33
222,226,115
222,226,114
50,150,211
182,149,193
182,123,33
222,226,118
51,99,173
193,150,209
142,106,50
143,105,138
224,226,112
143,97,139
50,99,172
182,149,193
222,226,172
49,94,211
75,121,52
50,106,140
220,224,114
193,148,195
50,106,140
193,105,50
50,149,52
179,97,50
75,122,173
50,122,193
75,96,117
193,122,195
49,106,173
223,150,135
179,150,209
77,106,116
193,105,209
222,226,114
50,148,192
50,107,193
195,226,173
222,229,173
193,148,138
143,105,193
193,148,50
50,122,193
182,97,205
193,105,193
49,120,209
182,226,116
222,226,193
181,226,195
179,254,207
51,227,209
222,226,50
182,123,193
143,94,138
143,107,193
184,148,193
195,106,173
191,97,208
50,149,173
48,106,193
50,124,193
51,226,174
193,148,173
143,148,193
222,94,50
48,94,195
223,151,51
50,148,50
222,106,116
143,253,138
222,94,193
182,254,211
50,97,172
193,105,138
182,227,209
192,105,50
220,226,114
193,105,193
181,97,50
193,106,173
182,150,193
182,120,137
182,226,140
195,254,140
50,227,138
193,255,50
221,226,193
223,226,114
181,94,205
193,105,50
182,120,193
181,148,50
193,120,193
76,148,193
179,122,207
193,104,193
143,253,193
142,148,138
52,97,138
182,105,193
193,106,193
75,106,48
50,152,139
76,105,138
51,152,50
50,226,173
193,228,51
143,94,50
222,148,116
193,94,193
222,226,193
75,122,50
179,148,138
180,97,138
221,148,114
180,251,114
77,123,210
182,124,193
143,252,193
181,253,209
143,227,138
223,254,137
143,122,137
77,254,33
75,104,209
222,253,193
48,97,116
50,254,138
143,106,50
184,94,138
50,105,139
77,105,50
184,254,195
178,146,193
77,123,209
179,227,209
193,148,52
195,226,140
143,106,139
143,108,139
193,224,116
222,94,50
50,146,193
182,251,193
184,106,139
50,253,173
75,105,50
193,124,209
53,96,173
192,226,194
184,148,193
182,254,195
179,96,140
182,96,50
224,106,138
50,226,138
50,97,193
50,106,140
222,226,116
180,96,116
193,105,50
193,226,172
143,251,193
52,107,193
193,123,52
179,226,209
193,149,209
195,105,193
50,150,193
50,148,193
225,105,114
50,120,193
50,122,193
143,148,193
50,96,209
192,148,138
222,107,193
50,123,33
142,253,193
179,94,209
145,148,173
193,148,140
179,226,209
193,228,116
184,226,140
193,123,138
222,105,116
75,106,193
77,106,33
50,96,192
52,97,193
50,148,138
143,254,172
179,96,49
182,226,140
193,105,50
222,228,138
221,227,140
221,94,209
184,254,50
74,105,50
192,148,138
50,105,51
181,94,211
50,94,209
50,123,193
193,106,139
77,105,193
179,148,193
223,148,208
193,226,50
179,94,209
182,106,193
195,228,116
193,226,50
222,96,114
78,147,30
179,96,118
76,226,194
192,122,50
143,93,48
193,228,116
52,97,193
182,94,195
193,254,50
142,122,193
50,226,139
193,148,209
193,149,116
50,98,140
193,150,195
182,105,193
182,124,195
193,106,193
177,122,209
222,227,171
193,95,191
73,106,192
223,225,193
143,253,139
50,97,139
77,229,173
224,225,135
193,97,193
179,252,173
193,148,50
179,226,173
222,148,138
179,123,207
143,106,114
193,106,192
50,226,193
48,97,193
143,226,192
50,122,31
222,226,211
75,105,33
222,149,114
182,148,193
143,253,136
192,122,193
48,94,48
220,226,114
181,149,195
223,105,50
182,254,195
51,97,193
178,105,33
179,97,207
50,97,172
193,99,114
50,150,193
222,226,193
143,96,138
50,226,173
182,150,193
142,106,140
143,226,138
50,97,137
143,105,33
144,148,50
50,226,116
221,148,114
180,106,140
224,105,195
53,105,193
182,148,35
50,97,173
50,148,50
143,226,139
222,226,193
51,97,173
48,106,193
182,148,50
50,94,172
50,227,194
143,106,138
77,97,170
193,107,50
143,254,193
223,99,195
50,97,172
141,122,138
182,226,193
182,121,191
179,148,211
143,106,193
77,106,193
77,122,193
77,124,34
75,106,193
181,254,139
178,121,50
193,226,172
194,97,207
193,148,138
222,124,50
182,107,193
179,253,208
143,106,193
192,105,173
193,105,193
193,148,33
77,123,33
52,148,50
222,226,116
222,122,193
191,96,209
221,226,116
179,94,210
182,225,140
50,96,173
183,149,193
75,105,35
182,254,140
193,148,193
143,148,52
143,255,172
144,253,191
143,148,138
194,149,50
52,97,193
142,148,116
50,148,193
192,225,140
181,226,50
193,122,193
50,95,173
195,122,50
143,150,50
50,106,50
143,254,193
224,106,114
50,97,173
220,105,50
191,148,48
178,99,138
50,254,139
50,227,209
50,146,172
181,149,140
179,120,116
143,253,207
223,226,112
221,148,114
182,226,193
182,97,50
179,254,140
179,96,209
50,149,207
75,106,33
50,227,195
193,226,114
193,97,193
194,120,48
143,147,50
77,148,208
50,124,141
50,97,173
50,228,173
179,227,209
143,252,192
222,226,51
50,252,171
52,226,138
194,122,193
223,148,208
182,97,191
50,124,193
222,106,193
179,120,207
146,148,193
191,97,172
48,105,207
193,122,141
143,253,138
182,106,140
222,148,50
179,120,210
144,148,51
50,224,117
51,97,31
50,226,112
79,94,115
182,148,140
222,226,50
191,149,50
220,94,210
142,98,141
196,121,114
192,148,49
182,254,50
222,226,50
223,253,114
182,108,191
182,106,193
193,226,138
143,146,193
179,97,195
223,225,49
191,148,208
182,150,193
48,228,173
179,120,208
224,120,114
193,106,193
50,105,173
50,104,138
182,148,50
182,107,50
193,148,48
179,149,209
50,97,173
223,226,114
191,148,50
46,252,193
193,254,48
75,104,193
143,107,209
75,148,194
182,149,191
51,148,174
50,122,194
52,226,113
182,254,193
184,251,139
193,228,116
182,96,193
77,105,33
182,252,114
51,105,139
193,104,195
193,105,50
222,226,52
193,226,50
75,226,114
77,148,138
50,122,173
182,122,116
222,98,114
142,122,138
48,122,193
182,254,194
182,96,137
179,96,209
193,106,193
143,253,193
193,105,209
50,97,193
51,107,33
181,120,193
222,94,193
222,226,195
194,105,211
77,105,50
182,120,193
143,148,139
182,124,209
193,105,50
141,122,30
143,253,193
193,122,208
48,225,140
50,97,193
182,124,114
143,148,138
179,149,209
77,107,140
221,122,50
143,97,195
193,148,138
182,251,138
182,97,193
77,103,48
222,148,138
50,106,138
182,105,52
182,150,50
222,228,193
222,226,118
222,226,138
193,148,138
193,96,117
179,104,207
182,94,48
182,226,139
77,122,31
179,254,210
193,107,138
143,105,193
194,121,195
222,94,116
50,148,140
143,226,193
51,254,173
180,148,140
143,122,193
182,226,195
193,104,172
143,105,195
182,107,193
222,227,193
193,146,50
77,149,50
193,122,195
222,253,50
192,120,209
50,104,139
77,149,33
182,105,211
223,226,115
182,107,193
222,94,211
77,97,33
179,253,208
192,254,193
77,105,207
143,253,193
75,106,30
182,98,49
184,254,140
190,254,140
77,106,193
181,254,140
182,148,193
182,146,50
75,106,193
50,252,173
143,106,141
193,149,50
50,254,140
77,227,33
181,149,195
143,106,139
182,226,193
222,226,114
143,105,193
143,148,193
50,227,139
222,226,193
226,106,116
182,148,138
180,146,193
75,122,33
182,256,191
194,147,116
144,226,50
77,123,33
182,123,174
182,148,193
182,254,193
194,226,116
182,96,140
79,105,140
179,105,116
193,123,50
182,254,193
182,228,193
193,105,32
50,96,193
222,226,209
222,226,193
179,104,173
78,254,33
179,105,139
179,254,192
50,97,194
179,97,173
193,226,172
222,227,138
182,148,138
50,254,140
182,149,140
48,104,192
182,97,191
50,226,173
223,226,193
182,226,192
181,226,191
49,121,209
223,105,193
182,147,138
50,97,173
182,107,194
183,251,195
143,94,193
179,96,116
143,251,137
179,97,50
182,253,207
49,226,194
193,253,52
51,106,138
183,148,50
50,226,193
143,148,139
223,226,115
144,149,50
222,123,116
142,106,140
77,94,211
222,228,193
184,254,171
194,97,140
222,226,116
77,94,33
144,253,138
178,106,209
182,226,141
182,106,50
179,148,193
48,148,173
49,121,193
182,254,193
77,105,50
51,105,32
141,149,193
182,97,207
145,148,193
77,105,33
143,103,33
52,97,193
50,97,172
193,148,193
50,252,209
194,121,193
192,106,118
143,253,138
195,226,140
52,97,172
193,253,50
78,105,33
48,99,173
178,124,209
191,121,193
142,106,140
50,97,173
180,122,50
193,122,195
77,105,193
50,122,193
182,121,193
74,148,50
77,105,33
50,103,171
193,227,193
223,226,193
75,106,191
77,108,50
182,148,193
177,97,207
182,226,193
143,105,137
220,106,114
50,124,193
182,121,193
50,226,116
182,225,193
193,120,192
193,105,50
194,148,138
143,105,48
50,227,207
182,148,193
222,253,114
220,226,193
221,124,193
77,148,138
145,122,193
77,105,142
143,253,193
193,226,114
224,226,139
193,149,50
223,226,116
222,226,114
51,108,138
77,226,29
50,124,50
78,122,33
182,119,50
50,97,173
77,105,140
222,226,193
143,148,138
50,148,193
222,254,141
76,106,116
193,228,116
75,227,33
221,226,50
182,106,193
143,94,139
223,226,116
193,105,50
182,254,193
75,106,173
195,226,173
75,105,50
141,147,137
49,227,209
182,96,209
180,105,116
140,106,49
50,227,209
177,253,193
51,148,32
179,253,207
75,95,207
182,254,193
194,149,138
50,98,173
143,148,138
50,150,193
191,106,193
74,148,50
77,105,33
220,226,193
181,97,191
182,124,193
50,226,209
182,226,172
50,148,211
179,95,191
193,122,209
182,122,193
143,150,138
179,93,211
221,226,50
75,98,207
182,148,193
75,97,193
180,150,209
51,254,140
141,124,138
224,148,50
50,226,175
193,96,192
182,253,193
182,148,173
181,148,138
182,254,116
52,97,191
50,254,193
77,254,173
225,225,137
143,148,114
193,226,193
223,226,115
182,254,139
194,106,139
141,253,138
50,148,138
193,228,116
222,152,116
223,148,50
50,97,173
223,226,112
77,105,140
222,148,173
143,148,191
193,228,192
194,120,207
143,94,211
75,106,193
222,226,114
179,94,114
50,254,141
51,95,193
143,148,138
181,226,193
77,146,140
179,97,209
76,228,31
182,124,50
50,149,193
179,253,209
76,123,33
75,106,194
222,226,49
177,105,205
193,94,50
193,226,196
182,225,193
179,93,209
143,253,193
143,226,195
50,148,173
179,226,140
181,97,193
191,148,206
182,97,138
222,224,115
179,97,207
178,148,138
182,107,34
222,226,193
222,226,193
193,226,114
77,226,114
50,106,192
77,225,171
224,149,49
193,97,193
222,148,50
77,124,33
222,226,193
193,148,49
50,255,138
222,226,114
75,105,50
50,105,212
77,105,141
179,97,139
222,226,114
224,96,116
221,148,193
143,94,50
179,123,207
50,106,139
181,149,31
50,225,195
179,106,50
182,107,50
50,106,138
181,226,172
224,106,209
50,106,211
195,148,116
77,148,193
50,227,193
77,105,34
50,97,171
223,226,114
179,122,207
179,96,50
182,254,138
221,148,138
179,148,209
183,226,193
50,97,193
223,105,142
77,105,33
182,254,50
193,122,50
193,97,173
143,148,50
193,146,115
182,254,33
142,253,193
180,96,209
194,254,50
52,148,207
50,123,194
222,226,50
46,106,52
193,226,49
221,226,50
49,120,50
182,94,209
48,121,172
143,106,141
181,251,138
179,106,207
191,105,140
143,98,138
195,254,172
77,122,31
50,226,50
182,106,209
77,229,137
182,253,193
50,122,193
75,106,138
77,96,211
182,120,193
222,97,173
50,149,173
143,94,138
182,148,50
77,122,49
193,226,50
51,150,139
193,226,50
182,150,50
180,148,193
222,226,114
143,105,114
179,120,50
182,105,140
182,254,173
192,97,140
77,122,31
179,98,207
50,149,193
50,97,140
77,226,33
77,104,140
75,122,195
142,121,50
77,254,32
193,105,139
182,255,138
143,108,116
50,254,173
193,148,50
222,225,171
77,105,32
193,98,140
193,94,50
182,254,193
49,227,172
193,228,114
182,106,50
50,252,193
182,106,138
50,105,50
193,253,195
193,124,138
222,225,172
143,149,193
50,124,193
222,107,195
193,148,138
181,105,50
193,226,193
193,122,194
182,106,193
193,124,209
179,94,209
222,226,49
182,254,140
193,148,138
193,103,35
50,251,138
52,97,138
193,254,209
50,97,173
182,105,33
193,106,192
223,254,137
220,224,193
75,106,193
182,124,193
144,150,50
193,124,31
75,106,193
51,97,173
182,253,138
181,254,193
143,148,138
143,106,211
142,226,173
52,97,140
180,254,114
220,150,193
182,226,173
50,253,209
50,104,140
51,97,193
179,124,195
50,148,211
180,106,193
222,226,193
193,124,193
50,97,172
194,121,140
222,228,114
50,106,193
182,120,193
50,106,139
225,253,193
182,226,138
182,150,138
221,226,116
51,96,31
182,254,139
142,94,209
221,105,50
52,148,193
143,253,193
50,148,191
50,106,193
50,151,140
182,226,193
194,96,48
179,105,174
182,253,193
182,148,192
193,148,172
182,227,173
222,254,173
50,106,114
50,226,193
53,95,193
193,226,174
50,148,173
77,104,195
222,227,50
179,94,50
193,122,50
182,97,195
225,94,51
192,106,191
77,104,192
182,256,114
77,123,33
143,105,193
191,148,208
193,148,114
51,120,209
78,226,31
178,124,210
48,94,211
50,95,209
179,228,207
222,226,173
191,148,50
182,148,193
143,253,114
52,226,116
50,96,33
193,96,50
222,227,193
193,226,172
223,226,116
182,227,116
144,253,50
143,149,193
143,253,138
195,105,172
50,124,193
222,226,173
145,148,138
194,105,137
181,97,49
76,123,31
182,105,33
182,148,193
179,225,114
193,105,193
224,104,114
223,97,117
182,226,116
54,97,193
143,148,138
143,107,195
184,252,49
222,226,193
75,106,193
178,107,118
193,148,140
77,122,33
179,226,50
182,106,138
76,122,197
141,254,193
184,254,195
179,227,207
50,122,50
50,97,50
182,148,142
49,105,193
50,97,193
222,148,173
192,148,140
222,94,49
193,148,50
143,107,138
50,226,173
194,226,51
50,120,173
50,226,114
181,124,194
75,105,50
51,97,175
141,106,140
77,226,33
178,105,209
76,107,193
144,148,209
221,225,50
191,106,208
193,122,194
191,106,50
193,106,192
77,105,33
221,148,50
50,224,173
143,105,50
221,227,211
50,227,209
193,122,195
222,226,171
182,147,191
179,120,32
48,148,174
142,106,140
182,148,193
143,106,139
51,97,173
182,97,171
77,106,50
181,150,52
222,226,192
222,226,191
77,106,193
193,226,193
183,150,50
180,253,193
191,226,114
193,122,192
183,224,193
50,97,193
182,148,193
193,226,116
77,224,173
182,251,209
50,106,194
195,148,137
182,97,193
193,105,172
179,226,207
179,254,193
193,106,50
182,148,139
191,148,208
223,253,137
193,226,210
193,150,191
50,227,192
143,148,49
50,106,173
193,105,50
182,253,209
50,97,173
222,120,114
181,99,195
50,148,193
50,106,193
48,106,193
178,97,207
182,97,33
223,226,173
48,121,194
182,107,193
182,122,50
180,254,191
223,226,172
50,122,209
179,97,50
182,122,193
222,226,173
50,227,193
76,105,174
182,226,50
50,229,209
50,148,173
50,102,173
179,106,207
182,228,116
182,107,193
77,106,193
50,228,175
180,228,195
181,149,49
178,124,209
182,253,114
182,254,193
193,251,50
182,121,193
182,148,50
182,122,192
222,106,140
222,106,193
179,254,207
193,121,138
191,148,206
50,105,173
52,97,193
75,106,50
182,226,50
50,226,172
182,105,193
77,123,50
53,98,173
50,227,52
143,106,193
182,149,193
50,122,193
222,105,50
182,95,139
184,254,139
50,97,170
182,94,211
76,105,50
193,122,195
50,226,173
182,226,50
182,122,195
180,97,48
48,226,193
193,148,191
222,226,193
50,96,173
181,226,192
142,148,140
50,97,171
50,98,173
193,148,172
193,94,193
178,249,138
179,97,116
180,254,193
179,226,209
222,95,116
222,226,50
193,148,50
182,226,140
50,120,192
221,253,137
52,97,193
181,122,193
222,226,114
50,254,140
184,107,193
182,106,192
182,226,140
78,123,192
77,106,193
77,227,193
181,149,49
50,225,193
222,148,113
77,123,33
145,105,50
179,122,207
49,106,193
179,96,140
182,105,140
50,122,193
222,226,138
184,122,193
50,225,173
50,226,114
194,121,51
145,94,140
50,122,193
184,122,138
179,106,207
143,97,195
49,148,209
77,227,116
139,228,138
177,98,142
222,226,51
191,97,48
184,253,138
223,226,209
50,253,173
50,226,116
50,224,195
143,148,50
181,254,50
180,148,209
50,100,140
222,226,172
221,226,195
179,106,209
182,251,140
143,227,139
50,148,193
193,226,193
222,228,116
50,106,33
142,97,140
50,97,193
184,150,50
181,122,50
181,149,49
143,94,138
182,105,193
182,254,193
221,226,138
48,105,139
222,226,193
50,226,173
53,105,32
143,253,136
50,227,193
179,226,114
50,98,172
75,106,48
50,99,33
193,148,114
50,98,140
179,253,115
193,150,140
145,148,49
50,226,193
77,106,193
224,226,193
222,120,209
50,150,49
222,226,209
193,228,172
143,254,138
178,122,138
52,148,140
222,96,193
178,226,50
193,148,138
195,226,138
141,253,193
195,148,173
143,226,116
193,227,193
193,148,50
50,104,173
143,148,193
50,97,33
193,106,138
51,105,209
193,148,193
191,148,49
182,108,193
222,94,113
180,106,193
193,105,52
193,122,50
193,148,195
143,106,193
143,106,193
222,226,138
222,97,195
52,106,193
77,123,173
75,107,50
48,108,139
222,226,172
193,97,193
180,254,139
181,120,193
50,122,193
182,251,139
222,226,33
51,124,193
50,104,172
179,254,207
193,148,50
180,150,50
182,254,195
191,226,114
142,122,140
182,122,193
50,226,115
193,254,50
50,226,118
224,94,193
50,150,140
182,97,195
193,148,140
141,253,193
179,229,207
224,256,116
183,226,50
143,106,141
50,94,207
193,148,209
77,105,140
179,253,49
76,226,114
182,149,193
50,147,173
222,226,192
179,254,209
51,97,173
220,226,192
193,124,50
222,253,117
176,124,116
193,122,50
191,148,208
50,122,207
182,226,193
193,226,173
49,120,193
223,226,138
143,109,114
193,149,209
50,122,192
179,94,138
77,253,140
142,108,140
49,118,31
222,124,173
50,97,207
224,226,193
222,96,195
195,105,193
182,122,193
77,150,50
48,106,138
193,149,192
193,105,140
181,148,138
222,227,140
222,97,116
50,105,171
142,122,138
193,121,50
194,147,140
145,108,139
182,149,193
182,122,31
50,254,193
221,228,33
50,148,193
222,226,208
75,226,116
179,96,209
182,120,193
51,226,32
193,105,140
50,148,171
179,96,50
178,148,209
194,97,138
197,106,173
50,95,192
77,106,193
77,148,50
179,96,211
193,148,140
195,94,137
143,106,140
182,226,139
50,97,174
193,97,50
193,96,116
193,122,50
182,254,50
194,121,50
221,226,114
75,106,138
195,226,142
143,148,50
143,97,174
222,95,193
50,148,173
144,106,139
50,227,209
194,121,193
52,97,208
193,148,193
76,108,33
182,107,193
220,148,114
193,103,50
75,226,193
222,226,50
49,224,173
195,94,48
78,256,139
194,121,116
73,105,113
222,226,50
222,106,173
143,94,138
145,105,33
141,122,136
182,97,195
191,148,173
193,149,193
182,123,195
193,148,50
182,254,50
143,106,191
181,105,50
193,148,116
193,253,136
75,122,193
193,148,193
220,228,118
77,120,193
50,226,192
191,228,116
51,105,193
143,108,139
182,94,193
182,105,33
193,226,172
193,122,193
222,106,193
223,95,50
182,105,140
179,94,50
50,225,138
191,226,138
222,226,193
179,121,208
182,97,195
183,254,193
179,105,174
179,105,50
182,105,140
75,106,211
50,104,173
191,148,208
193,149,209
50,98,174
50,227,209
141,122,140
222,251,209
182,107,191
221,226,173
182,120,207
221,226,193
49,124,193
50,97,193
182,122,193
222,227,136
179,97,207
180,225,115
50,120,173
77,226,194
222,148,193
143,226,193
193,148,50
178,122,210
182,226,114
183,226,32
77,227,173
221,227,209
223,254,114
182,106,193
222,226,175
48,227,208
182,106,193
50,106,173
179,149,209
224,150,112
182,148,191
50,148,193
50,107,140
182,105,195
222,224,116
50,104,193
182,254,193
182,124,193
193,124,209
222,124,195
146,107,195
181,150,50
193,254,208
143,253,137
179,226,116
77,105,50
50,122,50
145,105,138
178,255,193
193,106,33
183,120,193
51,105,32
141,94,140
143,253,195
179,122,193
50,227,114
179,226,209
141,122,193
50,224,138
222,226,116
143,226,50
179,96,50
77,122,31
182,120,193
50,122,116
50,97,173
180,149,193
50,226,193
193,106,50
194,122,205
143,146,138
179,96,174
182,124,193
143,107,116
51,99,173
193,106,140
220,148,193
191,149,138
193,105,50
224,106,50
222,105,115
50,148,192
194,227,173
193,148,50
182,226,193
223,105,138
52,96,193
142,94,140
50,254,139
177,96,207
143,122,138
178,105,48
193,97,140
50,97,170
143,252,140
222,124,193
50,148,195
180,107,50
50,228,50
50,226,114
193,106,50
181,149,50
77,107,139
143,148,138
221,148,50
50,226,173
221,105,50
193,105,50
75,106,193
223,124,115
182,122,193
193,226,193
179,226,207
221,106,193
50,148,206
77,97,140
142,122,138
75,226,33
143,109,139
50,148,118
193,148,193
48,226,173
182,94,209
182,251,138
193,105,50
182,97,207
220,224,116
143,149,50
182,124,173
182,106,193
190,148,206
222,225,210
193,122,48
75,150,193
193,124,50
222,226,50
51,105,48
182,124,209
193,148,138
50,110,137
193,105,115
49,122,138
77,226,140
51,148,173
193,97,211
222,226,116
222,94,116
76,105,50
178,152,50
50,106,193
77,227,173
77,105,140
50,99,141
221,106,116
50,97,173
182,122,48
193,148,140
143,106,193
50,97,50
182,107,193
222,226,173
182,94,207
143,252,193
50,105,140
193,104,51
50,227,193
224,97,116
182,254,193
222,226,207
222,226,173
182,148,49
145,150,49
52,96,193
48,103,193
75,228,209
182,226,195
50,97,174
50,254,193
193,150,50
182,253,138
143,251,193
222,105,52
193,147,194
193,228,116
51,124,173
182,254,138
222,148,116
222,226,114
75,105,51
222,107,193
51,148,173
180,105,209
222,226,116
180,226,49
179,96,114
143,106,193
50,103,173
193,105,173
79,105,33
182,225,140
222,95,114
184,106,193
75,122,195
222,226,50
191,105,50
223,226,116
222,149,50
78,105,50
51,227,116
142,99,138
143,105,138
51,226,116
181,224,207
182,226,195
194,147,50
193,105,50
193,94,138
182,254,140
143,106,141
178,124,193
49,120,173
143,148,136
193,254,193
143,253,191
182,150,193
222,123,114
193,94,50
193,121,192
181,227,193
179,254,116
182,123,195
143,253,138
181,226,50
51,105,32
50,106,193
193,105,50
193,106,137
182,148,193
182,255,173
49,120,192
181,97,193
141,122,138
78,105,35
182,107,136
77,105,193
219,227,193
195,226,193
222,251,140
182,253,193
50,97,195
197,226,173
144,96,116
77,105,33
182,148,193
178,253,209
49,118,193
193,252,209
181,226,193
222,104,114
77,146,33
222,226,116
50,106,138
182,148,193
193,228,138
193,148,140
193,105,50
193,122,50
77,105,173
222,106,193
223,225,140
50,106,173
49,97,193
223,226,114
179,94,211
50,148,172
50,122,193
179,97,50
142,254,140
191,148,50
223,108,139
179,97,52
179,106,207
182,228,116
196,148,48
222,226,116
222,226,50
222,226,137
52,98,140
179,98,50
193,146,51
180,226,191
77,106,193
77,105,195
193,146,138
221,105,114
50,120,116
224,226,173
49,226,173
77,105,33
182,150,136
193,226,114
50,106,137
143,223,137
51,97,193
179,106,209
50,122,193
193,97,138
222,148,140
48,106,140
141,122,138
183,254,140
191,148,193
182,107,193
50,97,193
143,253,193
222,226,114
182,106,52
143,253,138
193,148,193
50,148,193
182,225,195
144,105,140
184,226,140
193,122,195
182,255,138
182,226,191
179,254,173
222,228,195
179,94,138
179,124,209
77,150,32
178,97,207
191,148,138
77,98,193
182,122,193
52,226,173
50,226,195
223,225,193
145,108,139
182,254,193
191,147,208
50,124,193
50,97,172
219,226,114
77,106,193
143,253,138
77,124,207
50,253,173
75,95,193
191,227,209
182,106,50
191,120,50
182,120,32
184,251,140
143,122,190
182,148,139
78,122,31
194,226,50
193,226,50
182,148,193
182,148,193
182,254,140
50,226,114
180,122,50
182,254,50
145,124,50
77,105,50
179,96,50
222,226,172
182,226,139
222,92,116
182,105,193
182,122,193
179,97,50
143,147,138
192,148,138
222,226,193
179,94,209
182,251,139
222,123,207
48,256,139
193,254,140
193,96,116
182,226,139
193,150,50
179,97,205
77,105,138
179,253,209
50,148,141
223,226,114
191,106,51
180,225,193
182,253,193
50,106,139
51,226,50
50,97,138
77,255,140
143,253,195
182,226,140
223,226,174
184,107,193
193,226,173
191,148,193
75,226,50
182,150,191
181,230,114
179,105,30
222,226,114
182,250,138
182,122,195
193,226,50
182,253,194
191,226,208
182,107,140
143,254,138
182,254,193
182,122,207
77,106,193
77,94,33
179,105,33
182,97,193
184,122,194
222,226,139
182,228,140
51,95,50
141,106,192
177,94,193
184,226,195
223,227,114
77,106,33
179,149,173
50,92,140
51,105,33
78,120,193
182,254,193
222,120,50
184,148,118
75,96,209
77,254,140
223,226,191
182,254,195
178,97,205
194,148,50
222,105,116
50,148,52
48,97,172
50,227,193
77,123,138
222,226,114
181,254,207
193,94,195
222,105,50
222,148,114
222,150,195
51,122,194
143,105,138
141,148,140
50,254,191
193,148,140
143,227,138
222,253,138
182,105,50
75,227,173
180,148,193
220,97,50
191,148,193
143,148,192
193,106,193
141,122,50
76,105,139
182,147,193
50,106,193
140,251,193
193,148,138
50,148,193
182,254,194
222,150,50
50,225,137
182,226,116
143,148,50
193,230,193
50,224,173
222,148,116
50,97,173
220,94,211
50,227,193
77,105,33
222,226,116
193,122,209
51,97,173
50,124,114
177,120,207
182,97,195
48,148,138
181,104,140
193,94,173
77,122,139
77,105,114
51,148,209
50,225,173
220,226,193
51,227,172
77,122,33
222,251,114
193,226,138
50,123,193
143,123,192
193,148,116
222,226,140
222,151,116
222,106,193
77,106,50
193,105,50
222,226,50
222,94,50
143,106,193
180,106,192
75,148,193
179,96,207
143,253,138
179,254,206
48,148,193
77,105,140
143,96,138
193,96,174
222,226,138
51,148,136
181,226,140
193,148,136
179,106,114
143,148,138
73,106,33
182,94,211
182,150,50
182,150,50
51,149,140
182,105,193
50,148,140
193,104,50
75,106,193
48,227,48
194,148,140
193,148,50
77,106,194
141,103,138
180,251,138
182,256,139
193,148,139
75,105,140
50,148,50
51,226,112
50,105,193
193,149,209
50,94,173
222,226,116
143,253,139
179,96,195
50,97,192
50,226,173
